36753562912709360626
18792023759228973612
93194784503610632061
55476569374525474430
78688431492068926649
50487172722610615949
19177115977673656394
81293908850963856115
98481030444476317596
21785741859753883189
64333860488897764303
19254059469224775481
28936802105110850646
25862847240629908131
10340391969338056640
14626756987282996027
61321599149107587048
14296104222055290283
80409196254499360502
94351743146942264128
89288868383338047689
16879033373265265879
60410487086247939283
11789154925749945935
70819978253490201962
12073119056774064748
58260664628960701013
77264520290994510378
86046760975978533837
93787419098858437138
19799324371220217517
41711170408516621964
80810229756463797491
70608539415415549838
52227034636334439725
89024765713338510876
35080411359341508356
59907637615065081226
91042740328037003492
74252443860892231834
22451757169813337986
70484816852199606499
18931489677371221509
14013741130321756542
21724165785927364797
22163021565003466025
89506083782105855073
82307776911908988037
16921779762715884565
68488387524505732721
34941957412216202297
43561403127798107601
12519713120687492445
91289606409454663995
21309913458573389553
86033618705110300454
24999498163933461561
72292812478637723725
37681364035850998024
90120063908387310050
31801791035948469290
30337949919420659561
14372733924449938329
54394955739072729050
41793621253918870527
91963684667274100644
37347217956895521599
16210532197682064336
90485129738092318741
63855012648562526913
31526944607437900226
90355871706041302960
93543643191094562591
77411913874931387938
84008682385059268528
36787266297037235178
94164354873350145707
89939464555606269929
65538673602693087652
40068549468323622470
49654642516137712108
90134858220636105742
10339043342453811315
81339754496721013776
39104118643477074530
72993027995208359656
30207473016757889078
13103673221533828580
86933743713964202957
46491231813892451001
33000222479854786006
43758109302643867081
98164850159706289502
72817797988980520243
73001580004753142013
10482202458408425427
57522866009126948282
78677094542239657439
44060228431119000257
69198765114857669143