10093641546917561509
10118938516797667410
10160881093431889830
10171533962023808322
10187530661828543968
10215409433279718951
10243445050188514112
10261251727564671305
10263495800122254909
10284868833400686345
10299967010532426304
10339043342453811315
10340391969338056640
10482202458408425427
10488395962109841949
10611497627277998169
10723556180834248570
10768413202299833011
10768868446654978582
11145464641357719095
11288896744482303764
11330476119399165399
11376187371940801477
11401185785160912490
11412996989101213769
11415357733207476818
11486666178296594378
11609994944069333527
11758384187845126009
11789154925749945935
11832363645515069375
11919189240783143416
11951962977429841271
11966361684795752131
12018384148762343462
12073119056774064748
12141446564263104874
12180598423913099615
12198458020586750587
12213145533774079559
12223184576651781589
12302567847636644213
12349012926294283742
12453156644266446981
12485259532194756533
12519713120687492445
12560321226198249186
12573501586719023980
12591279245296219665
12631314293798886331
12646079632480708618
13034202730792862061
13063656296856042579
13103673221533828580
13241922421326854473
13299960643054145851
13394177867871656574
13394823609070200040
13432390809939099354
13464174510142812938
13595818286258347668
13638663523726568022
13749078364393144329
13757375690714100698
13908527282836136310
13967538437568663345
13980038543661261065
14013741130321756542
14037787743130717861
14054215946195679527
14054618181916150961
14082428501886413542
14290917427557137785
14296104222055290283
14316470860587769019
14364227618511306447
14372733924449938329
14432513260696808675
14497154828444166461
14510045418025772712
14600649357497241629
14626756987282996027
14641454304554092156
14694845150657963148
14696896859870785878
14774304287386610686
14883524747565769703
15023054486954246073
15076795099451462106
15086250921780695721
15089488458167866853
15120454601600217823
15124759696962510549
15161530202526448959
15238721993710664450
15285725791739699877
15299047992401910975
15308494912015395692
15450270893446189820
15500191839586366372
15532043762187587074
15556930420206737538
15569477543853243373
15591461282209408209
15659431012792971655
15748658543215267183
15755464642619401269
15769500563732129826
15845814333234152773
15909838444625079479
16025770019992535732
16114105770211975008
16168649477946376988
16210532197682064336
16213882312575871740
16224902853799574075
16232171499064511062
16294267370833870276
16295588053644835071
16295729949423321336
16366993490170466940
16373003014561648347
16463581959276929706
16495351100708164149
16503169952197725398
16552212565889934701
16609272922673694972
16624831756699385957
16693133091634000460
16776520244799530252
16839267084185045006
16879033373265265879
16921779762715884565
17004884864078520785
17015199679199704544
17087791364001479252
17130829010816788213
17202158654979911825
17250010637618770747
17299929990344933478
17325629201162147244
17354608600066626647
17360896308206335251
17391078674616325146
17433801772377018782
17448349171710147660
17480187347134424649
17556326537445619001
17626786299675288484
17744416529123076581
17826100503470252570
17949569637188972760
17999630531050033090
18033093908270965442
18064321209641705341
18129886820249815646
18166806895609386004
18300296543705072842
18353133990628893452
18370936274161434739
18433829660244844833
18492715508350179634
18508740897355053582
18614525938843505934
18625377539989726262
18669719371235702607
18694564778375629735
18732889505249456348
18792023759228973612
18875083164301064308
18931489677371221509
19004515987578927829
19065362454434804893
19121460736522439646
19167012639872664089
19177115977673656394
19193465243891124327
19226101082636593306
19254059469224775481
19262715401001103598
19347317825312129264
19425223470323334952
19472927868874952360
19630449254755156385
19799138996679792363
19799324371220217517
19891027558838066312
19920073976493380371
19964048235993854201
19967141587700146701
20083933846394382693
20110417831303277780
20170250133232660341
20198864950932193103
20319266741314911102
20347716554681051891
20407572693328216019
20414608742539821778
20647907627600932477
20675736184268417813
20899059123256396138
21118258052133912485
21309913458573389553
21420064055534231573
21485335481217455127
21724165785927364797
21785741859753883189
21867057567389375023
21901283298348743784
21938776557436392968
22071563210885649232
22085462585096046733
22163021565003466025
22211940905440859317
22388940500151673900
22451757169813337986
22955463120651944681
23016618545111193672
23044516463431995838
23119136913498179303
23142030070181567306
23144223845005167700
23318363874660215098
23531078324369790635
23543071887422121726
23687587326732694934
23703971668059504275
23805251511589336786
23862707674312475580
23971132476745484712
24281053453153565298
24704092916969802857
24774290695200520915
24835926756317952892
24847939092681709589
24948933297325536476
24994852545251237606
24999498163933461561
25008133123122648276
25029227167535131122
25100082887015080715
25215473847171501947
25373551817682477333
25385056673408081535
25451320414817475558
25567806625005638163
25596659997597137271
25862847240629908131
25870596005857571848
25924170768276904836
26093054393046798168
26390639687968042081
26454802171740987182
26487440301564162766
26592378473636927208
26700370619144673694
26716543858215258377
27041349628337781669
27359444861702182943
27402799382241600876
27632583911665754407
27671718680786696185
27767513292000875145
27772913697078280664
27804719877764694950
27811135526000260652
27860508993524949762
28064130703057321081
28123220927450921608
28215443327589726235
28252502382061523079
28289954085176768094
28419574587119885407
28683821021569070166
28743828013653011957
28843022325585470696
28876049122246023986
28887857595532852368
28927737091106001805
28936802105110850646
28971907494242628156
29048893820012212671
29103539563953142444
29308973238009579627
29317093024857214176
29328902686920774479
29365987206465159491
29394214090594642992
29524136668672662888
29574221961178066371
29579608505465077450
29604569773788454430
29858376879433506597
30087174454289044289
30098260045576146832
30146896061699158493
30207473016757889078
30227852598154108356
30317652531701246833
30337949919420659561
30341041467675586763
30343825479830687505
30535199470674665215
30651682241248884042
30784449851727960823
30838484035893786873
31000989133449480678
31042774496423813387
31076090377008554731
31118509127472042030
31134485935443628863
31526944607437900226
31577709803148905130
31622326314921271142
31668857179446649368
31801791035948469290
31969487787294392491
31996171402580169705
32052447695468198924
32327880146259183957
32424601902580703771
32482385728877353908
32719706267674316758
32761751557817891392
32858909612841344396
32874638049797513780
33000222479854786006
33098868166728833571
33238067613041359635
33441943489229719226
33527378285235840812
33541680171237177100
33709052523763832094
33714978772249182859
33770117196640639953
34050435197250967571
34182528616455859224
34205944919934125726
34346015018258997008
34359355327734947270
34368260528445858646
34380493461347375927
34941957412216202297
35044937715693807865
35080411359341508356
35308586715261707739
35325622871813463050
35460736548355616746
35482952940667384063
35661885602113141448
35816150332198390526
35940284513236355773
35960156270612248680
36088708998426878598
36212886311872230348
36415263723044578987
36419673940384750811
36471594420000817199
36528406496659628875
36753562912709360626
36770504249015041944
36787266297037235178
36812815477190598326
36813419370886234788
36854609491273673457
37159134725538619056
37184768963969756052
37247356693141324008
37347217956895521599
37411965349651663697
37586756719866266841
37681364035850998024
37690127115609273156
37781355784319650561
37784744333145182297
38116492765215402474
38223624198499713801
38265476249494580438
38292151531466552869
38527664046302326067
38586079576332478530
38886661610037806189
38987323034016286725
39100804593821353337
39104118643477074530
39131220812286347662
39190978841145679021
39485657467605074585
39585872896911894787
39838103651266190385
39884947681139777726
40055703869100585796
40068549468323622470
40084528492764802640
40328860567279034430
40374954425799624947
40875409280031162666
41149452157684296920
41191286544410152884
41204238266087793068
41420103404062272751
41509231351306322669
41533096116390549889
41541270233823746395
41603143682074148684
41617053038439496995
41664823738269394159
41705392572943129178
41711170408516621964
41793621253918870527
41984521924280343673
42147633803923346481
42275441924241835260
42370070663813414868
42401487232618419177
42416314198448440936
42523893161768787442
42524932566113779183
42530929967232645238
42555156826667973909
42627354926270072887
42727015880208688756
42745912812417655016
42857709832963862161
42941631078777108474
42944132116761932088
43096238879504590332
43156056555861939403
43165480886254486941
43244798413996542284
43311150978329967570
43392980887259443689
43459731356562223265
43561403127798107601
43564621220805458255
43589351898493435603
43758109302643867081
43773754631200940458
43819815664044035967
43888989554234187388
43944640305402446671
44038074983875449388
44060228431119000257
44191550166597673968
44605539150496743096
44669874461113487327
44770830612353105595
44824277993984080590
44986727093823643022
45108304902191338528
45130015223421569326
45207424690026426956
45355425940405350234
45386347139817429855
45395972147131382570
45525443559460749468
45604728587946322782
45939801394726945948
46086973135385636534
46099612299344358466
46143184835372387126
46186342976492802228
46291272698851825410
46322636502511405012
46426816188710304484
46491231813892451001
46774701449247833044
46807453422105685471
46832803565867491672
47104110479269555340
47174730943542225073
47390523400309865678
47678974771821937723
47698212673566111833
47905299377441641033
47935477911669484481
47999278924716326379
48182570154721844809
48409956564740790910
48483226571021696815
48576634166124398167
49055016028849834491
49098249214030072919
49200691569120730774
49218839783290410095
49322407228523371270
49427511373644840586
49508758828751999466
49654642516137712108
49656185821176114082
49688647715277771244
49739398560666396871
49890263792476391794
49909903482790668509
49990408438545546416
50038945945177268252
50110812884911623516
50121959690483195749
50170677675538642969
50424238302609998738
50453703066359958843
50461300267153437277
50487172722610615949
50495534822443988739
50758987542110206675
50782854822367262116
50949682465347471404
50955024582172516932
51183779703566345785
51221327459649041790
51266884996092629781
51308664146063324951
51312017428756717445
51331954526310458237
51478951366427838517
51542655770270832502
51580618686388270172
51594317846307700677
51688305745259048907
51770268251507017663
51852907600732707133
51944186314902911691
51953616730061590434
51997268869724290294
52161820852983103020
52201921970638229073
52209753112088818714
52227034636334439725
52665734996715524770
52742503382620144537
52973927049897220947
52989467618015132055
52990018819377945151
53276581353896922425
53289730225308566220
53596880168506289848
53694123766056093566
53827353748001645831
53831671587973211262
53931602956093996120
53954412105223768416
54187251160263300362
54394955739072729050
54492889347734913977
54575791281131306490
54677519939041528176
54719553223358993811
55160097306245027523
55274119542585566871
55396460197006308333
55476569374525474430
55589396641507668168
55661041524357562757
55836520738387164536
56046069463868493618
56112245915071221333
56141045497544266974
56155015713754529926
56477072214195428180
56910378755038488264
56926819822844458185
56932247098009948647
56936054629998711484
57202445941616434680
57220772011870995872
57389119970966288165
57522866009126948282
57580812495643257124
57636183529726350246
57711049128460041639
57744275052237378076
57790106572546419177
57890111648790042160
58095347803963395049
58204206674586029531
58240462574702185093
58243673029910298242
58260664628960701013
58288307380336214897
58357913474944685985
58437063502684564514
58467601550319255328
58601071703986514510
58609305648951255039
58777904844570173692
58977435022377744974
59152657531201333482
59238020875378699654
59492045394017319729
59661284443483946820
59662997416769257058
59814153318391380277
59907637615065081226
60251620906458766905
60410487086247939283
60446570505421216605
60458286853401778089
60466314532960772867
60472139399342486374
60694271508241552774
60724991087828422744
60740145368680674294
60810527245735061256
60814060787186098701
60860617548782345391
60902249225459657219
61044764482166682428
61321599149107587048
61340968264230507280
61462798036727011521
61494748533169709159
61524645965344076272
61585296748016220865
61660118115489334446
61825297852457145687
62109309000225688245
62532000980967214484
62612699794472201910
62783962751507470245
62814213849702095387
62923910119962324935
62981415094623373831
62981992416345512641
63055946803016767759
63171254962975902232
63245039108361133037
63305036002835909642
63314179986669061792
63504279148290579081
63633223454334565491
63675122877641703376
63855012648562526913
64271053481989880053
64333860488897764303
64588124825251592091
64718455813882953621
64736049538107288891
64761410438619890805
64788888699651313464
64922620184388296028
65130923527035935427
65149527170061025863
65160404812512821592
65244988556976464772
65477256967647446396
65515195359952379311
65538673602693087652
65696527746473277079
65741246181525455729
65821100200474461166
65843851762815431230
65848330644743121307
66046785365200942398
66117189111076156473
66240076900741886936
66344280597060197422
66434188903795208355
66548280940106137958
66606515899072731717
66609058704660062652
66684711353055422624
66711095724066067956
66771665828316317646
66772326721434444447
66833572073872133953
67040085497027926709
67302888789369717764
67550263201603264664
67694145671654197001
67697609076687766537
67759122737659517531
67809922634509446885
67825799117845483111
67957772080778350479
67986167100033510095
68044713297257517011
68309945175256708939
68400706180966804147
68488387524505732721
68600044178159148171
68607660804892487355
68821183860807365569
68861779809623231662
69051883322338108076
69198765114857669143
69289372808746271675
69420236892867353595
69446989983558082814
69488250721170430239
69516022227361007231
69699409510723328716
69726407540128015207
69824319679529312487
69901666060456040618
69923548107249923667
69978014359438552831
70229138137614920186
70234129178246852315
70484816852199606499
70510970635371138060
70520980818402511540
70574048774978236326
70608539415415549838
70672269626239755747
70819978253490201962
70856659109586916116
70882039312990069687
71126696052836504928
71620482233272454168
71649132909783405391
71825148242161316700
71835970705788251522
71907503676510159059
72034026014536327074
72039602441413371186
72282621608928855489
72292812478637723725
72545788111420333912
72588995534284559564
72692014970354152639
72729053123639463237
72817797988980520243
72993027995208359656
73001580004753142013
73074025085028169629
73106314430153763193
73222637785393142016
73448177564448510028
73554025567135499844
73662380763450176576
73769385254810097145
73837371228359102174
73928485696976753605
74107072292365085491
74252443860892231834
74435843564741424601
74439210253127888982
74607386933164160644
74629967875267471180
74696099517308543946
74710051419917979447
74938963145340735402
75014474718556790859
75080736408553056827
75193839425941841779
75473188202513632312
75488303275540527305
75618087132804931500
75762425505297768120
75778011805507739906
75937656485351334396
76012542539632812535
76075190030685636218
76080994872481480636
76107150829824586973
76205018631451207224
76370318150099519060
76396959817538077346
76427485595764852387
76547688288567557953
76571036329961204588
76632436043637494293
76735038424161961126
76938502207081522523
77155641115598784828
77264520290994510378
77293265303465614544
77318051968234663217
77377932078207146112
77411913874931387938
77663987436015958318
77835331494481366770
77896464542097754465
78002225685227062493
78080640099341653082
78397250248062656634
78524896769647841805
78677094542239657439
78688431492068926649
78722917695235264904
78807776343624612109
78845807904716191271
78917508204029006472
79029072364040427392
79374557491994905117
79381899231965324228
79579410098176549234
79931313511260644602
80208555605205072714
80292704973990077422
80367777402066122744
80409196254499360502
80418713212710074707
80536831536933132640
80810229756463797491
81089848931481662215
81097391262665054319
81104934841167940119
81199399126479328756
81286362812990555260
81293908850963856115
81307252312806803710
81339754496721013776
81374498640571736972
81487965848321187726
81527836313202443112
81569527958336530877
81588526722906002460
81606621684969769241
81680908453266155830
81862926327040580070
82040229261723155710
82054100253623975142
82065680521840467272
82307776911908988037
82454322474161687049
82506517329407927622
82507777614631970832
82530854862903170463
82621352430013950882
82630444362678970903
82654638437710562093
82705261178867749002
82829991985735498493
82868058415110956642
82902334329584824383
83025299428520167533
83051307700098774532
83116132154170470138
83139317135329268323
83178922834261256121
83200433576403886751
83346155466967564300
83550165936452321692
83577156432252075588
83598645303213391697
83754617389999863886
84008682385059268528
84100414605707570495
84253747553819367675
84257274405600403208
84352904395398373840
84385831313458972470
85095889333781688560
85223232302753397555
85252999627608035947
85337135063168628114
85389941722675880070
85490023699172091587
85679307400716961570
85692516043155336549
86033618705110300454
86046760975978533837
86152411453150773147
86224631435497646661
86225232739015069792
86357424027201619499
86517128415505023831
86629204488439187443
86772407152398514007
86933743713964202957
86972688988168048442
87171263195982795133
87245388124962061065
87297239671405011033
87391477137007324061
87443458117326099673
87654273321514813748
87768732543575659583
87850849216727490476
87916980929399979630
87954857392551601249
87988835162788730378
88141771257676570577
88205843900355504304
88214809859640314886
88252640768980046473
88451880104769639582
88542606610787255478
88569498973148639233
88643604061527407449
88710107907693364984
88788388719344197386
88910256077643869346
88952443754206849180
89024765713338510876
89036659203180189470
89067312142144898691
89084779914636857443
89142570208077746239
89218317960966104162
89281419534921316441
89288868383338047689
89296944677982364382
89354122779140478768
89457969723273984220
89506083782105855073
89710103347865480515
89764535769511559066
89939464555606269929
89989363604496641980
90056064577273285913
90062024999503704948
90082256218130772141
90120063908387310050
90134858220636105742
90236639845149049631
90275690213992961930
90355871706041302960
90485129738092318741
90531167888963516470
90671928314578239395
90700678440191814917
90898810487519927061
90980818959968742478
91042740328037003492
91054107144986215318
91128535299798552142
91286720684016008588
91289606409454663995
91312783255832054497
91354172261481510048
91399611491844550113
91569588427371214034
91640448727741766942
91797977935341338366
91815034509033844558
91828768489837071963
91919034686422260745
91963684667274100644
92017694095247975459
92249794487212155445
92450439686107745411
92562647237789422538
92740384475387227966
92869207590003978546
92927419126821824090
93192890768831297906
93194784503610632061
93294359703509690261
93358530141772541929
93362650708518878685
93372375548890615283
93543643191094562591
93727064702916382859
93787419098858437138
94118354199135661903
94149665979578362894
94164354873350145707
94351743146942264128
94370539392347739178
94386970467240895109
94397700781537506293
94730540261316090517
94835298288557201978
95005191425386561034
95141946949902126365
95213273323861609191
95277430718520193214
95374734916589193353
95604184299835387543
95717074636154483873
95789063576949432990
95891973656407560993
96155450201998970698
96196590774789597754
96217526820900492062
96288432682183650818
96341890449944816501
96455470576435373283
96483663267012950946
96617556302598238616
96724945900819612719
96924626663316386239
97044310582916871126
97144284939836054048
97186804957083072124
97493947657456653857
97543398679208031112
97555174497132602147
97647477622300057061
97653061062101269713
97754622291821811558
97990521020636948408
98164850159706289502
98189896543736184587
98208050112813876747
98267593997973504194
98303576410725127087
98336483848307820422
98441968093638950171
98481030444476317596
98683667307482628952
98764340285191880470
99008014827264815956
99136545601261820993
99292044854575274260
99502201274276629715
99679059766818929546
99738805496233036474