36753562912709360626
18792023759228973612
93194784503610632061
55476569374525474430
78688431492068926649
50487172722610615949
19177115977673656394
81293908850963856115
98481030444476317596
21785741859753883189
64333860488897764303
19254059469224775481
28936802105110850646
25862847240629908131
10340391969338056640
14626756987282996027
61321599149107587048
14296104222055290283
80409196254499360502
94351743146942264128
89288868383338047689
16879033373265265879
60410487086247939283
11789154925749945935
70819978253490201962
12073119056774064748
58260664628960701013
77264520290994510378
86046760975978533837
93787419098858437138
19799324371220217517
41711170408516621964
80810229756463797491
70608539415415549838
52227034636334439725
89024765713338510876
35080411359341508356
59907637615065081226
91042740328037003492
74252443860892231834
22451757169813337986
70484816852199606499
18931489677371221509
14013741130321756542
21724165785927364797
22163021565003466025
89506083782105855073
82307776911908988037
16921779762715884565
68488387524505732721
34941957412216202297
43561403127798107601
12519713120687492445
91289606409454663995
21309913458573389553
86033618705110300454
24999498163933461561
72292812478637723725
37681364035850998024
90120063908387310050
31801791035948469290
30337949919420659561
14372733924449938329
54394955739072729050
41793621253918870527
91963684667274100644
37347217956895521599
16210532197682064336
90485129738092318741
63855012648562526913
31526944607437900226
90355871706041302960
93543643191094562591
77411913874931387938
84008682385059268528
36787266297037235178
94164354873350145707
89939464555606269929
65538673602693087652
40068549468323622470
49654642516137712108
90134858220636105742
10339043342453811315
81339754496721013776
39104118643477074530
72993027995208359656
30207473016757889078
13103673221533828580
86933743713964202957
46491231813892451001
33000222479854786006
43758109302643867081
98164850159706289502
72817797988980520243
73001580004753142013
10482202458408425427
57522866009126948282
78677094542239657439
44060228431119000257
69198765114857669143
67697609076687766537
69726407540128015207
16495351100708164149
86225232739015069792
89989363604496641980
49055016028849834491
75762425505297768120
32874638049797513780
95213273323861609191
50949682465347471404
83346155466967564300
25385056673408081535
11401185785160912490
14432513260696808675
44605539150496743096
60458286853401778089
78397250248062656634
17130829010816788213
89354122779140478768
18614525938843505934
62532000980967214484
98441968093638950171
98267593997973504194
14364227618511306447
53827353748001645831
22955463120651944681
18129886820249815646
86357424027201619499
69420236892867353595
97990521020636948408
44824277993984080590
91828768489837071963
11486666178296594378
28876049122246023986
86972688988168048442
96455470576435373283
18669719371235702607
37184768963969756052
76632436043637494293
82454322474161687049
69516022227361007231
17480187347134424649
84257274405600403208
69923548107249923667
74696099517308543946
23862707674312475580
77377932078207146112
88710107907693364984
69978014359438552831
82705261178867749002
71620482233272454168
14883524747565769703
23805251511589336786
25100082887015080715
13394823609070200040
81199399126479328756
14696896859870785878
15285725791739699877
36528406496659628875
70229138137614920186
34205944919934125726
11415357733207476818
93727064702916382859
20347716554681051891
81097391262665054319
87768732543575659583
31996171402580169705
13299960643054145851
99679059766818929546
27671718680786696185
96617556302598238616
61340968264230507280
23543071887422121726
36088708998426878598
36471594420000817199
19347317825312129264
69699409510723328716
19121460736522439646
74629967875267471180
66609058704660062652
41420103404062272751
90062024999503704948
90082256218130772141
13638663523726568022
32482385728877353908
16552212565889934701
10187530661828543968
51852907600732707133
76396959817538077346
55589396641507668168
25373551817682477333
77896464542097754465
65149527170061025863
20319266741314911102
12573501586719023980
31577709803148905130
19920073976493380371
51221327459649041790
55661041524357562757
45386347139817429855
22071563210885649232
72282621608928855489
89764535769511559066
27767513292000875145
14037787743130717861
18300296543705072842
57389119970966288165
79374557491994905117
82868058415110956642
55160097306245027523
90700678440191814917
97144284939836054048
44038074983875449388
87916980929399979630
66833572073872133953
24835926756317952892
82054100253623975142
82829991985735498493
24948933297325536476
42370070663813414868
75193839425941841779
40875409280031162666
83754617389999863886
68821183860807365569
35044937715693807865
58357913474944685985
23119136913498179303
26592378473636927208
45355425940405350234
16232171499064511062
67694145671654197001
11376187371940801477
39585872896911894787
49909903482790668509
76080994872481480636
65477256967647446396
23016618545111193672
44191550166597673968
53276581353896922425
19226101082636593306
85692516043155336549
38586079576332478530
96341890449944816501
58601071703986514510
90056064577273285913
14290917427557137785
65741246181525455729
29579608505465077450
29574221961178066371
32719706267674316758
38116492765215402474
26390639687968042081
85490023699172091587
35816150332198390526
64736049538107288891
33441943489229719226
51770268251507017663
65696527746473277079
50758987542110206675
15089488458167866853
47678974771821937723
42401487232618419177
18732889505249456348
86517128415505023831
18370936274161434739
81606621684969769241
19472927868874952360
31000989133449480678
45939801394726945948
49200691569120730774
81307252312806803710
63305036002835909642
76075190030685636218
43888989554234187388
60466314532960772867
30087174454289044289
72034026014536327074
81862926327040580070
13749078364393144329
50110812884911623516
35940284513236355773
51594317846307700677
92249794487212155445
90898810487519927061
83598645303213391697
58288307380336214897
92927419126821824090
82530854862903170463
83116132154170470138
95891973656407560993
63633223454334565491
95604184299835387543
30784449851727960823
91128535299798552142
67986167100033510095
98208050112813876747
76012542539632812535
87391477137007324061
36770504249015041944
21420064055534231573
98303576410725127087
53289730225308566220
33770117196640639953
10611497627277998169
14774304287386610686
18875083164301064308
10118938516797667410
15308494912015395692
16213882312575871740
86224631435497646661
98683667307482628952
21938776557436392968
15299047992401910975
47905299377441641033
15748658543215267183
15769500563732129826
28843022325585470696
25567806625005638163
31118509127472042030
40055703869100585796
96288432682183650818
50170677675538642969
99292044854575274260
92740384475387227966
42147633803923346481
16693133091634000460
41984521924280343673
78002225685227062493
75778011805507739906
17826100503470252570
64761410438619890805
15086250921780695721
32761751557817891392
82065680521840467272
76205018631451207224
45395972147131382570
88451880104769639582
15556930420206737538
88569498973148639233
46774701449247833044
97647477622300057061
68607660804892487355
70882039312990069687
83577156432252075588
62783962751507470245
78722917695235264904
42941631078777108474
35960156270612248680
56936054629998711484
28252502382061523079
56046069463868493618
46807453422105685471
13063656296856042579
92017694095247975459
33709052523763832094
97754622291821811558
88542606610787255478
30651682241248884042
25924170768276904836
46086973135385636534
43819815664044035967
33238067613041359635
57711049128460041639
16168649477946376988
26487440301564162766
65821100200474461166
19193465243891124327
32327880146259183957
59662997416769257058
73222637785393142016
49508758828751999466
51944186314902911691
87850849216727490476
82506517329407927622
78917508204029006472
66684711353055422624
68400706180966804147
89036659203180189470
47104110479269555340
39131220812286347662
36415263723044578987
12198458020586750587
13967538437568663345
56155015713754529926
29308973238009579627
87654273321514813748
23044516463431995838
14641454304554092156
70234129178246852315
58204206674586029531
43589351898493435603
46143184835372387126
10093641546917561509
88252640768980046473
13241922421326854473
25215473847171501947
28064130703057321081
67550263201603264664
69446989983558082814
12018384148762343462
21901283298348743784
37411965349651663697
77318051968234663217
63314179986669061792
37781355784319650561
33714978772249182859
69488250721170430239
96155450201998970698
10171533962023808322
63171254962975902232
15450270893446189820
56141045497544266974
82040229261723155710
60724991087828422744
35460736548355616746
72692014970354152639
11288896744482303764
66711095724066067956
59152657531201333482
92450439686107745411
84385831313458972470
55274119542585566871
92562647237789422538
16503169952197725398
66548280940106137958
67957772080778350479
80208555605205072714
84352904395398373840
10215409433279718951
11609994944069333527
97186804957083072124
58437063502684564514
20414608742539821778
70574048774978236326
76107150829824586973
61462798036727011521
71907503676510159059
62981992416345512641
52665734996715524770
83550165936452321692
75080736408553056827
18492715508350179634
83139317135329268323
62814213849702095387
75014474718556790859
44669874461113487327
52201921970638229073
60694271508241552774
49098249214030072919
19262715401001103598
83025299428520167533
54575791281131306490
70510970635371138060
17360896308206335251
50453703066359958843
14510045418025772712
37586756719866266841
12349012926294283742
94370539392347739178
34050435197250967571
49688647715277771244
24994852545251237606
87954857392551601249
89142570208077746239
47698212673566111833
81569527958336530877
60446570505421216605
18166806895609386004
16839267084185045006
96217526820900492062
81588526722906002460
96196590774789597754
17325629201162147244
98189896543736184587
59814153318391380277
80418713212710074707
80292704973990077422
54187251160263300362
20110417831303277780
38223624198499713801
42745912812417655016
99008014827264815956
29048893820012212671
15569477543853243373
57580812495643257124
57202445941616434680
75618087132804931500
11758384187845126009
32858909612841344396
28683821021569070166
48409956564740790910
42523893161768787442
10160881093431889830
64922620184388296028
17448349171710147660
42530929967232645238
95717074636154483873
64718455813882953621
10284868833400686345
49322407228523371270
70672269626239755747
15238721993710664450
63504279148290579081
14054618181916150961
34346015018258997008
11919189240783143416
50038945945177268252
65160404812512821592
95374734916589193353
67809922634509446885
16295588053644835071
61660118115489334446
97543398679208031112
57636183529726350246
15023054486954246073
58095347803963395049
92869207590003978546
69824319679529312487
50955024582172516932
62981415094623373831
66240076900741886936
18433829660244844833
85337135063168628114
71835970705788251522
45525443559460749468
73554025567135499844
66046785365200942398
99136545601261820993
54677519939041528176
20083933846394382693
91354172261481510048
43459731356562223265
17299929990344933478
13595818286258347668
56112245915071221333
19799138996679792363
72545788111420333912
17087791364001479252
68600044178159148171
91312783255832054497
20899059123256396138
60814060787186098701
93362650708518878685
65843851762815431230
43773754631200940458
18625377539989726262
79579410098176549234
73662380763450176576
47935477911669484481
23703971668059504275
51312017428756717445
24774290695200520915
10488395962109841949
81104934841167940119
73074025085028169629
26093054393046798168
23144223845005167700
85223232302753397555
20647907627600932477
42727015880208688756
14316470860587769019
93192890768831297906
52161820852983103020
73106314430153763193
81374498640571736972
29604569773788454430
85679307400716961570
30838484035893786873
17015199679199704544
99502201274276629715
43944640305402446671
43311150978329967570
64588124825251592091
99738805496233036474
65848330644743121307
28971907494242628156
61524645965344076272
21485335481217455127
97044310582916871126
16025770019992535732
77293265303465614544
63675122877641703376
30227852598154108356
12453156644266446981
16463581959276929706
14082428501886413542
14600649357497241629
86772407152398514007
58467601550319255328
16295729949423321336
13034202730792862061
57890111648790042160
66771665828316317646
12302567847636644213
49656185821176114082
47174730943542225073
41617053038439496995
45207424690026426956
43392980887259443689
88205843900355504304
38987323034016286725
94149665979578362894
16624831756699385957
84253747553819367675
35325622871813463050
58977435022377744974
88214809859640314886
20198864950932193103
60902249225459657219
71825148242161316700
17556326537445619001
74435843564741424601
97555174497132602147
90531167888963516470
34368260528445858646
42627354926270072887
18353133990628893452
82654638437710562093
91919034686422260745
11412996989101213769
82507777614631970832
94397700781537506293
66117189111076156473
29858376879433506597
83051307700098774532
25870596005857571848
85095889333781688560
72039602441413371186
42555156826667973909
53596880168506289848
20407572693328216019
91797977935341338366
49990408438545546416
88141771257676570577
85252999627608035947
71649132909783405391
58777904844570173692
90275690213992961930
67759122737659517531
87171263195982795133
50121959690483195749
89084779914636857443
56932247098009948647
98336483848307820422
50461300267153437277
87297239671405011033
73448177564448510028
83200433576403886751
41509231351306322669
34359355327734947270
91399611491844550113
38292151531466552869
17744416529123076581
10768413202299833011
42275441924241835260
28419574587119885407
74938963145340735402
27359444861702182943
69901666060456040618
24847939092681709589
39485657467605074585
43156056555861939403
28123220927450921608
15909838444625079479
76547688288567557953
51997268869724290294
10299967010532426304
90236639845149049631
13757375690714100698
14054215946195679527
64788888699651313464
15500191839586366372
46099612299344358466
77155641115598784828
71126696052836504928
29317093024857214176
82630444362678970903
34182528616455859224
16294267370833870276
46291272698851825410
33098868166728833571
67040085497027926709
36854609491273673457
52990018819377945151
16609272922673694972
38527664046302326067
50424238302609998738
11145464641357719095
23142030070181567306
11951962977429841271
17391078674616325146
12223184576651781589
23531078324369790635
39100804593821353337
59238020875378699654
59492045394017319729
49218839783290410095
15532043762187587074
82902334329584824383
12591279245296219665
17202158654979911825
57744275052237378076
51542655770270832502
35482952940667384063
16776520244799530252
77835331494481366770
11832363645515069375
53954412105223768416
16114105770211975008
17250010637618770747
74107072292365085491
96924626663316386239
27402799382241600876
52989467618015132055
17949569637188972760
15120454601600217823
49427511373644840586
89281419534921316441
37784744333145182297
53694123766056093566
19964048235993854201
87443458117326099673
23318363874660215098
38265476249494580438
37690127115609273156
64271053481989880053
32052447695468198924
93372375548890615283
24704092916969802857
26716543858215258377
45604728587946322782
26454802171740987182
17354608600066626647
66606515899072731717
73769385254810097145
33527378285235840812
37247356693141324008
18033093908270965442
68309945175256708939
93294359703509690261
91569588427371214034
28927737091106001805
29103539563953142444
35661885602113141448
39884947681139777726
74710051419917979447
28887857595532852368
78807776343624612109
15659431012792971655
29365987206465159491
63055946803016767759
93358530141772541929
16224902853799574075
41533096116390549889
31622326314921271142
52742503382620144537
89710103347865480515
55396460197006308333
80367777402066122744
81680908453266155830
87245388124962061065
89067312142144898691
95277430718520193214
94730540261316090517
69289372808746271675
21867057567389375023
30098260045576146832
60740145368680674294
86152411453150773147
94386970467240895109
63245039108361133037
62923910119962324935
91054107144986215318
73837371228359102174
72588995534284559564
76735038424161961126
68044713297257517011
25596659997597137271
16373003014561648347
33541680171237177100
26700370619144673694
31668857179446649368
65130923527035935427
22388940500151673900
19167012639872664089
28289954085176768094
30535199470674665215
18694564778375629735
45130015223421569326
13908527282836136310
74607386933164160644
48576634166124398167
61825297852457145687
27041349628337781669
30317652531701246833
12631314293798886331
94118354199135661903
95005191425386561034
12560321226198249186
53931602956093996120
60251620906458766905
68861779809623231662
62612699794472201910
12646079632480708618
58240462574702185093
61044764482166682428
28743828013653011957
70856659109586916116
47390523400309865678
66344280597060197422
43564621220805458255
42524932566113779183
30146896061699158493
25451320414817475558
17626786299675288484
54492889347734913977
96483663267012950946
34380493461347375927
50782854822367262116
12141446564263104874
19967141587700146701
46322636502511405012
88910256077643869346
56477072214195428180
88643604061527407449
51266884996092629781
51688305745259048907
17999630531050033090
76427485595764852387
79029072364040427392
24281053453153565298
15076795099451462106
73928485696976753605
79931313511260644602
66434188903795208355
76938502207081522523
58243673029910298242
43244798413996542284
79381899231965324228
66772326721434444447
77663987436015958318
52209753112088818714
27632583911665754407
53831671587973211262
67825799117845483111
19004515987578927829
11966361684795752131
90980818959968742478
42857709832963862161
65244988556976464772
12485259532194756533
29328902686920774479
89296944677982364382
37159134725538619056
95789063576949432990
15755464642619401269
94835298288557201978
59661284443483946820
72729053123639463237
76370318150099519060
49890263792476391794
41541270233823746395
41149452157684296920
27860508993524949762
25029227167535131122
27772913697078280664
23971132476745484712
89457969723273984220
98764340285191880470
81286362812990555260
13394177867871656574
60472139399342486374
14497154828444166461
57790106572546419177
48182570154721844809
82621352430013950882
52973927049897220947
44770830612353105595
18508740897355053582
80536831536933132640
51308664146063324951
43096238879504590332
91286720684016008588
29524136668672662888
62109309000225688245
85389941722675880070
19425223470323334952
17004884864078520785
40084528492764802640
40328860567279034430
36812815477190598326
19891027558838066312
30341041467675586763
46186342976492802228
81487965848321187726
69051883322338108076
47999278924716326379
51580618686388270172
31969487787294392491
46426816188710304484
27811135526000260652
43165480886254486941
30343825479830687505
36813419370886234788
60810527245735061256
97493947657456653857
20675736184268417813
38886661610037806189
12180598423913099615
91640448727741766942
10243445050188514112
39190978841145679021
75473188202513632312
74439210253127888982
10723556180834248570
20170250133232660341
15161530202526448959
40374954425799624947
17433801772377018782
15124759696962510549
28215443327589726235
41603143682074148684
87988835162788730378
21118258052133912485
12213145533774079559
10263495800122254909
46832803565867491672
67302888789369717764
51331954526310458237
22211940905440859317
78080640099341653082
15845814333234152773
86629204488439187443
78524896769647841805
89218317960966104162
78845807904716191271
19065362454434804893
84100414605707570495
95141946949902126365
51478951366427838517
91815034509033844558
13432390809939099354
54719553223358993811
10261251727564671305
56926819822844458185
36212886311872230348
56910378755038488264
57220772011870995872
65515195359952379311
42944132116761932088
88952443754206849180
25008133123122648276
81089848931481662215
44986727093823643022
55836520738387164536
48483226571021696815
39838103651266190385
19630449254755156385
10768868446654978582
13980038543661261065
42416314198448440936
36419673940384750811
70520980818402511540
15591461282209408209
61585296748016220865
88788388719344197386
96724945900819612719
81527836313202443112
31042774496423813387
51953616730061590434
31076090377008554731
13464174510142812938
60860617548782345391
41204238266087793068
76571036329961204588
27804719877764694950
45108304902191338528
41705392572943129178
31134485935443628863
50495534822443988739
29394214090594642992
23687587326732694934
83178922834261256121
51183779703566345785
22085462585096046733
18064321209641705341
11330476119399165399
58609305648951255039
32424601902580703771
35308586715261707739
75488303275540527305
75937656485351334396
16366993490170466940
90671928314578239395
49739398560666396871
14694845150657963148
97653061062101269713
41191286544410152884
41664823738269394159
61494748533169709159